world: 589edd95-4703-42b9-aaf3-02faeca8d9a8
world-name: pvp
x: 299.4840912928154
y: 196.0
z: 665.5282687346163
yaw: 1.45745849609375
pitch: -2.3143036365509033
name: pvp
lastowner: 26ed0e51-3dbb-3950-b9ae-1b7db8ac61c6
